002277
002275
002274
002273
002271
002279
002573
000625
002469
000158
000159
600895
600728
601717
002128
300253
002118
002649
300259
600156
000029
002280
002286
002285
600794
000839
603636
000929
600070
000921
000920
300059
300085
300082
002697
002691
002690
002028
300088
002597
002594
002457
002456
002453
002452
600388
600572
600477
600201
002348
300173
300171
002623
300177
002626
002628
300179
300178
300371
300072
000848
300076
002331
300308
002339
002234
600856
000669
000661
000667
300107
300104
600555
300102
300100
300109
002023
002488
002522
002529
002483
600583
000060
000061
000063
002243
600611
600038
600035
002412
002410
002063
002060
002419
002064
002065
600530
300208
300206
002067
002099
000400
000407
600240
600241
000811
000810
002666
002467
002462
002708
002700
300339
300338
300337
002089
300024
300021
300020
300023
002568
002560
002565
002564
002086
000632
002364
600718
601789
600868
601328
603699
300241
002108
002519
002101
002517
002512
002532
002299
600143
000037
002297
600668
600787
600660
600664
600666
300368
603969
600048
002035
002742
002033
002038
002585
603993
002580
002583
002382
002422
002426
002588
002424
300186
601567
002634
600218
000596
002734
002637
300187
300185
002630
000859
300065
300064
300067
002327
600823
000671
000670
600829
601107
300115
300114
300110
300119
002698
002550
002493
002492
000672
002497
002496
300446
002390
000078
002398
002250
002253
600745
600741
002693
002692
002171
002178
300239
600521
600527
300230
300234
002154
300236
600487
000411
002402
002278
000418
000558
000559
002475
200771
300300
300302
002472
002479
300309
600007
600552
600415
000957
000738
000301
002606
002604
002603
002600
300015
300016
300019
300153
300155
300156
300221
002217
002216
002218
000606
000607
000608
000609
300401
300407
600704
600499
601777
600687
002139
002505
300275
300270
600503
000048
600674
000042
000043
000040
000046
603618
002180
600770
000519
000516
002002
002005
002007
002008
002439
002433
002432
002620
000581
000587
000584
002724
002726
300199
002642
300194
002641
002646
300190
000902
000901
300298
000908
002315
002317
601890
002312
600831
000768
000888
000939
601058
300121
300122
300125
002541
300042
002548
002269
002381
002386
002385
002262
603555
603128
603126
600637
300049
002044
002041
600497
300388
002169
300220
300385
300386
002161
603338
000019
000971
000976
002440
000540
300311
000931
002684
600995
300316
300313
002441
002442
600633
002446
300090
300092
300097
600391
600466
000680
000687
002616
002611
002610
601012
000837
300367
000835
300009
000830
300005
300002
300001
002340
002225
002227
002223
000756
000751
000616
000758
601166
600809
002122
002124
002129
002083
600697
002538
002071
300262
300261
300267
000058
603588
603568
600767
002156
002406
002019
002013
600119
600114
000698
600233
002516
300237
000573
000571
002658
300041
002713
002717
002718
002650
002653
002513
300284
000970
300329
300281
600432
300326
300324
002309
002308
000656
002303
002301
601880
002305
000895
000718
002482
600804
603008
002528
000899
000488
300036
200053
300037
300138
300136
300039
300132
300130
