002277
002275
002274
002273
002271
002571
002279
002278
000625
000620
002469
002375
000158
000159
600895
600728
601717
601633
002052
002051
002050
002128
300253
002118
002726
300256
300257
300255
002112
300258
002573
002117
600098
600156
000029
002280
002281
002286
002285
600794
601700
300368
603636
000971
601311
000929
600070
600073
000921
000920
300059
300085
300084
300082
002697
002691
002690
002028
300088
002597
002594
002592
600382
002590
002458
002457
002456
002453
002452
600388
600572
600477
300359
600200
600201
000900
600208
002223
300173
300172
300171
002623
300177
002626
002628
300179
300178
600290
300375
300371
200521
300072
000848
300076
300074
300075
002330
002331
300308
002339
002235
002234
600856
000669
000661
000666
000667
300107
300104
600007
300102
300100
300109
002023
002488
002522
002520
002487
600446
002529
002483
600583
000060
000061
000063
002243
600611
601218
002410
600754
600038
600031
600035
600036
002412
002069
002415
002142
002063
002060
002419
002064
002065
002395
600530
300208
300205
300206
002067
002096
600108
002099
000400
000407
000404
600240
600241
000811
000810
002664
002665
002666
002668
002466
002467
002465
002462
002709
002708
002707
002701
002700
600400
000960
300333
300337
002122
300237
300259
300309
300024
000791
300021
300020
300023
300143
002129
002203
002569
002201
002206
002560
002565
002564
600697
000632
002364
002367
002360
300412
002538
600718
601789
600868
300269
601328
603699
300241
002108
002519
002101
002517
002515
002512
002532
002511
002299
600143
000037
002293
002294
002297
000030
600668
002191
600787
002195
600660
002198
600664
600666
000521
000919
603969
600048
600829
002035
002742
002033
002038
002585
002428
603993
002580
002583
002269
002422
002426
002588
002424
300186
601567
002386
002634
600218
000596
000591
000592
000988
000536
002739
002734
002733
002730
300189
002637
300187
002635
300185
002630
000859
000858
300065
300064
300067
300066
000901
002327
002326
600079
600823
000776
000671
000670
000672
000677
601107
300115
300114
300110
300113
300119
002698
002550
002554
002555
002493
002492
002497
002496
300446
002390
002392
000609
000078
002398
002250
002253
300339
600745
600741
300338
002693
002692
000651
600503
002171
002176
002177
002071
300239
600521
600527
600525
300230
300231
600482
300234
002154
300236
600487
000411
002402
000418
000558
000559
002670
002475
002474
002477
200771
300300
300301
300302
300303
002479
002478
600555
600552
600415
000957
000731
000738
300281
000301
002606
002604
002605
300385
002603
002600
002609
300011
300015
300016
300017
300018
300019
300153
300155
300157
300156
002211
002210
300221
002217
002216
002218
000603
000606
000607
000608
002351
300401
002353
300407
002355
600704
002161
002472
002135
601777
002133
002138
600687
002139
300279
002505
300275
300277
300270
300271
300273
000048
600674
000042
000043
000040
000046
603618
002180
002183
002189
600770
000519
000516
000517
002002
002005
002007
002008
002439
002433
002432
600512
300326
000024
000581
000587
000584
002724
002727
002649
300199
002722
002642
300194
002641
002646
300190
300192
200541
300294
300295
000902
600352
300358
300356
300355
300352
300298
000908
002315
002316
002317
601890
002312
600831
000887
002568
000768
000888
000540
601058
300121
300122
300123
300125
300126
600277
002541
002544
002547
002711
002548
002382
002381
601800
002387
300437
002385
002261
002262
601808
603555
603128
603126
600637
300049
002044
002047
002041
002239
600497
300225
300388
002169
300220
002166
300386
600499
300228
600089
603158
603338
000019
300329
300313
000547
300098
000541
000939
000933
600068
000423
002156
002684
600995
002681
002440
002441
002442
000979
600633
002446
300090
002449
300092
300318
300097
300311
600391
000931
600466
000680
600122
000687
300165
300166
002616
002611
002610
300163
600734
601012
000837
300367
000835
600261
300009
000830
300005
300002
300001
002347
300316
002343
002340
002225
002227
002348
000756
000751
000616
000758
000610
600841
300315
600847
601166
600809
600699
002089
002127
002124
600693
002083
002620
002086
601933
002178
600590
300263
300262
300261
300267
300266
000058
603588
000050
603766
000055
603568
600767
600188
002404
002406
002019
002013
002011
300218
600119
600114
000698
002527
600330
600233
600493
002516
000008
000009
000573
000571
300043
300042
300041
002713
002717
002718
002650
002653
002513
300284
000970
300286
000976
600432
600175
300289
300324
300325
002309
002308
000656
002303
002301
601880
002307
002306
002305
000895
000718
002482
000893
600804
603008
002528
000899
002658
000488
300036
300249
200053
300037
000839
300030
300138
300137
300136
300039
300132
300130
