+--------+----+----+-------+------+-------+-------+-----+
| code   | L% | P% | price | Avg% | MB    | MS    | TOR |
+--------+----+----+-------+------+-------+-------+-----+
| 000985 | 99 | 23 | 24.5  | 27   | 10000 | 10000 | 9   |
| 600326 | 99 | 30 | 13.74 | 21   | 10000 | 10000 | 11  |
| 600821 | 99 | 49 | 9.55  | 14   | 10000 | 10000 | 11  |
| 600095 | 99 | 49 | 9.78  | 0    | 10000 | 10000 | 10  |
| 002196 | 98 | 5  | 26.9  | 35   | 10000 | 10000 | 10  |
| 000833 | 97 | 32 | 14.97 | 25   | 10000 | 10000 | 11  |
| 002617 | 97 | 31 | 40.43 | 38   | 10000 | 10000 | 9   |
| 601038 | 95 | 29 | 13.79 | 3    | 10000 | 10000 | 32  |
| 600423 | 95 | 42 | 7.77  | 1    | 10000 | 10000 | 9   |
| 000701 | 95 | 22 | 20.39 | 28   | 10000 | 10000 | 9   |
| 002060 | 94 | 31 | 10.82 | 23   | 8.46  | 10000 | 9   |
| 601008 | 93 | 45 | 7.84  | -17  | 10000 | 10000 | 9   |
| 000027 | 93 | 67 | 11.55 | 36   | 10000 | 10000 | 9   |
| 002635 | 92 | 19 | 23.72 | 26   | 10000 | 10000 | 15  |
| 600980 | 92 | 18 | 25.79 | 28   | 10000 | 10000 | 12  |
| 002120 | 92 | 46 | 21.4  | 14   | 10000 | 10000 | 10  |
| 600287 | 92 | 44 | 11.82 | -10  | 10000 | 10000 | 11  |
| 600560 | 92 | 44 | 17.06 | 6    | 10000 | 10000 | 9   |
| 002461 | 92 | 7  | 23.78 | 32   | 10000 | 10000 | 9   |
| 000752 | 91 | 34 | 17.8  | 5    | 10000 | 10000 | 22  |
| 000611 | 91 | 45 | 9.81  | 14   | 10000 | 10000 | 9   |
| 600800 | 91 | 58 | 10.77 | 12   | 10000 | 10000 | 12  |
| 002176 | 90 | 38 | 24.81 | 34   | 20.33 | 10000 | 13  |
| 600630 | 90 | 27 | 15.09 | 4    | 10000 | 10000 | 10  |
| 002266 | 90 | 16 | 9.75  | 15   | 10000 | 10000 | 11  |
| 603018 | 89 | 6  | 73.42 | 10   | 10000 | 10000 | 9   |
| 600992 | 89 | 40 | 14.66 | 10   | 10000 | 10000 | 9   |
| 000507 | 88 | 38 | 8.49  | -12  | 10000 | 10000 | 9   |
| 000837 | 88 | 30 | 14.75 | 9    | 14.12 | 10000 | 9   |
| 600531 | 87 | 27 | 18.17 | 7    | 10000 | 10000 | 11  |
| 000791 | 87 | 46 | 12.21 | -11  | 10000 | 10000 | 12  |
| 600543 | 87 | 48 | 12.88 | 8    | 10000 | 10000 | 9   |
| 002392 | 86 | 0  | 8.82  | 15   | 7.55  | 10000 | 13  |
| 600505 | 85 | 33 | 11.09 | -2   | 10000 | 10000 | 12  |
| 600128 | 85 | 42 | 16.31 | 4    | 10000 | 10000 | 9   |
| 000637 | 84 | 29 | 9.15  | 6    | 10000 | 10000 | 9   |
| 002726 | 83 | 22 | 15.89 | 20   | 11.96 | 10000 | 16  |
| 002045 | 83 | 12 | 11.15 | 21   | 10000 | 10000 | 13  |
| 600814 | 83 | 31 | 12.6  | 16   | 10000 | 10000 | 10  |
| 002607 | 82 | 22 | 8.85  | 13   | 10000 | 10000 | 9   |
| 002340 | 81 | 12 | 16.1  | 23   | 15.16 | 10000 | 9   |
| 600133 | 81 | 43 | 9.38  | -8   | 10000 | 10000 | 11  |
| 600379 | 80 | 21 | 18.85 | 30   | 10000 | 10000 | 11  |
| 002606 | 80 | 39 | 16.56 | -9   | 10.88 | 10000 | 18  |
| 600234 | 80 | 43 | 19.58 | 18   | 10000 | 10000 | 17  |
| 000980 | 80 | 55 | 8.32  | 3    | 10000 | 10000 | 11  |
| 002715 | 79 | 41 | 40.97 | 18   | 10000 | 10000 | 25  |
| 000670 | 78 | 35 | 14.07 | 4    | 14.55 | 10000 | 26  |
| 000975 | 78 | 31 | 17.25 | 0    | 10000 | 10000 | 10  |
| 000011 | 77 | 40 | 12.16 | 5    | 10000 | 10000 | 11  |
| 002144 | 77 | 34 | 29.16 | 18   | 10000 | 10000 | 11  |
| 000669 | 77 | 10 | 31.35 | 2    | 37.11 | 10000 | 14  |
| 000925 | 76 | 45 | 25.44 | 0    | 10000 | 10000 | 9   |
| 002297 | 76 | 35 | 17.06 | 0    | 12.91 | 10000 | 9   |
| 002362 | 76 | 56 | 28.05 | 5    | 10000 | 10000 | 11  |
| 600206 | 75 | 28 | 16.77 | 13   | 10000 | 10000 | 9   |
| 600405 | 74 | 30 | 13.42 | 5    | 10000 | 10000 | 22  |
| 000851 | 74 | 46 | 14.38 | -7   | 10000 | 10000 | 14  |
| 000576 | 74 | 61 | 13.94 | -10  | 10000 | 10000 | 15  |
| 000811 | 74 | 37 | 14.9  | 3    | 12.35 | 10000 | 9   |
| 002476 | 74 | 28 | 13.29 | 44   | 10000 | 10000 | 21  |
| 000705 | 73 | 52 | 13.78 | 0    | 10000 | 10000 | 11  |
| 002524 | 72 | 37 | 10.25 | 16   | 10000 | 10000 | 14  |
| 002600 | 72 | 38 | 8.67  | 8    | 7.22  | 10000 | 9   |
| 000509 | 72 | 51 | 7.35  | 6    | 10000 | 10000 | 9   |
| 600738 | 72 | 32 | 9.89  | 10   | 10000 | 10000 | 15  |
| 600419 | 72 | 26 | 32.7  | 24   | 10000 | 10000 | 9   |
| 600112 | 71 | 57 | 16.65 | -10  | 10000 | 10000 | 10  |
| 000420 | 71 | 31 | 8.05  | 20   | 10000 | 10000 | 10  |
| 600381 | 70 | 54 | 23.9  | -13  | 10000 | 10000 | 13  |
| 600810 | 69 | 35 | 9.33  | 0    | 10000 | 10000 | 9   |
| 000546 | 69 | 41 | 11.29 | 11   | 10000 | 10000 | 10  |
| 600692 | 69 | 35 | 14.67 | 8    | 10000 | 10000 | 16  |
| 000589 | 69 | 39 | 8.89  | 9    | 10000 | 10000 | 9   |
| 000430 | 68 | 19 | 12.12 | 21   | 10000 | 10000 | 11  |
| 002159 | 66 | 2  | 31.22 | 38   | 10000 | 10000 | 11  |
| 002691 | 66 | 24 | 19.09 | 15   | 16.46 | 10000 | 11  |
| 000554 | 66 | 29 | 12.84 | 10   | 10000 | 10000 | 28  |
| 000573 | 66 | 46 | 6.4   | 3    | 4.9   | 10000 | 9   |
| 000537 | 65 | 41 | 9.5   | -3   | 10000 | 10000 | 9   |
| 600382 | 64 | 33 | 14.75 | -6   | 12.28 | 10000 | 11  |
| 000973 | 64 | 36 | 9.33  | 13   | 10000 | 10000 | 9   |
| 600490 | 64 | 45 | 10.87 | -22  | 10000 | 10000 | 9   |
| 000880 | 63 | 30 | 15.76 | 5    | 10000 | 10000 | 14  |
| 000731 | 63 | 47 | 10.49 | -4   | 12.19 | 10000 | 12  |
| 600802 | 62 | 39 | 8.83  | -10  | 10000 | 10000 | 9   |
| 600982 | 62 | 48 | 7.21  | -14  | 10000 | 10000 | 11  |
| 002341 | 61 | 42 | 18.22 | -11  | 10000 | 10000 | 15  |
| 600392 | 61 | 26 | 27.07 | -3   | 10000 | 10000 | 19  |
| 002634 | 61 | 52 | 24.21 | 6    | 23.11 | 10000 | 10  |
| 002167 | 60 | 7  | 11.62 | 2    | 10000 | 10000 | 22  |
| 002460 | 60 | 33 | 23.25 | 7    | 10000 | 10000 | 21  |
| 000010 | 60 | 41 | 9.84  | 13   | 10000 | 10000 | 11  |
| 000735 | 59 | 25 | 8.48  | 0    | 10000 | 10000 | 11  |
| 002182 | 59 | 39 | 13.88 | -4   | 10000 | 10000 | 14  |
| 000831 | 58 | 46 | 21.58 | -28  | 10000 | 10000 | 15  |
| 002564 | 58 | 44 | 11.06 | 0    | 10.66 | 10000 | 13  |
| 002637 | 58 | 41 | 20.8  | 1    | 19.06 | 10000 | 10  |
| 600108 | 58 | 37 | 8.35  | -14  | 10.23 | 10000 | 9   |
| 000159 | 57 | 40 | 9.5   | -17  | 8.48  | 10000 | 9   |
| 000409 | 57 | 56 | 11.46 | -17  | 10000 | 10000 | 18  |
| 002722 | 56 | 41 | 25.17 | -3   | 30.74 | 10000 | 11  |
| 002309 | 56 | 13 | 27.59 | 13   | 27.43 | 10000 | 11  |
| 002240 | 55 | 67 | 12.39 | -37  | 10000 | 10000 | 17  |
| 600149 | 55 | 38 | 16.96 | -4   | 10000 | 10000 | 12  |
| 601058 | 55 | 39 | 9.64  | 0    | 8.71  | 10000 | 9   |
| 002492 | 55 | 44 | 13.68 | 4    | 9.29  | 10000 | 12  |
| 600846 | 53 | 42 | 10.27 | -6   | 10000 | 10000 | 10  |
| 002200 | 53 | 20 | 21.43 | 3    | 10000 | 10000 | 17  |
| 600273 | 52 | 31 | 12.59 | 1    | 10000 | 10000 | 11  |
| 600707 | 52 | 50 | 11.84 | -6   | 10000 | 10000 | 11  |
| 002063 | 52 | 64 | 25.17 | 8    | 20.0  | 10000 | 9   |
| 002328 | 51 | 42 | 11.78 | 3    | 10000 | 10000 | 10  |
| 600187 | 51 | 27 | 7.3   | -4   | 10000 | 10000 | 12  |
| 002521 | 50 | 35 | 13.02 | -3   | 10000 | 10000 | 11  |
| 002457 | 50 | 35 | 12.77 | 3    | 9.44  | 10000 | 14  |
| 002660 | 50 | 45 | 12.63 | 17   | 10000 | 10000 | 10  |
| 600375 | 49 | 48 | 9.75  | -26  | 10000 | 10000 | 11  |
| 000751 | 49 | 32 | 7.77  | 4    | 6.36  | 10000 | 11  |
| 002695 | 49 | 28 | 38.3  | 8    | 10000 | 10000 | 21  |
| 600830 | 49 | 40 | 11.82 | -8   | 10000 | 10000 | 10  |
| 600756 | 48 | 10 | 29.37 | 20   | 10000 | 10000 | 11  |
| 000404 | 48 | 40 | 8.18  | -4   | 6.98  | 10000 | 10  |
| 002071 | 46 | 35 | 18.43 | -14  | 15.63 | 10000 | 10  |
| 600080 | 46 | 42 | 11.78 | -6   | 10000 | 10000 | 9   |
| 002554 | 46 | 21 | 14.63 | 8    | 9.65  | 10000 | 10  |
| 600290 | 46 | 26 | 13.39 | 11   | 13.04 | 10000 | 9   |
| 603399 | 45 | 45 | 12.89 | -2   | 10000 | 10000 | 23  |
| 002582 | 45 | 35 | 25.11 | 0    | 10000 | 10000 | 14  |
| 002428 | 45 | 32 | 18.25 | 4    | 18.49 | 10000 | 13  |
| 000790 | 44 | 42 | 13.19 | 7    | 10000 | 10000 | 9   |
| 002148 | 43 | 45 | 19.71 | -18  | 10000 | 10000 | 11  |
| 002114 | 40 | 42 | 14.86 | -12  | 10000 | 10000 | 21  |
| 002633 | 40 | 20 | 23.7  | -3   | 10000 | 10000 | 12  |
| 603328 | 38 | 35 | 28.14 | 0    | 10000 | 10000 | 11  |
| 600880 | 38 | 43 | 13.05 | -5   | 10000 | 10000 | 11  |
| 600390 | 37 | 36 | 13.79 | -6   | 10000 | 10000 | 9   |
| 002070 | 37 | 36 | 11.52 | 5    | 10000 | 10000 | 9   |
| 600516 | 35 | 23 | 11.77 | 1    | 10000 | 10000 | 9   |
| 600596 | 35 | 44 | 11.34 | -5   | 10000 | 10000 | 9   |
| 000536 | 26 | 45 | 14.61 | -23  | 20.94 | 10000 | 12  |
| 600209 | 24 | 17 | 10.11 | -2   | 10000 | 10000 | 10  |
| 600747 | 16 | 15 | 6.9   | 6    | 10000 | 10000 | 10  |
+--------+----+----+-------+------+-------+-------+-----+
