163 quantity_relative ratio:  2000
+--------+----+----+-------+------+------+------+-----+-----+------+
| code   | L% | P% | price | Avg% | TOR  | LB   | IF% | NMC | CH   |
+--------+----+----+-------+------+------+------+-----+-----+------+
| 002416 | 31 | 34 | 13.59 | -18  | 0.02 | 2.74 | 0   | 131 | -0.6 |
| 002417 | 64 | 5  | 12.37 | 19   | 0.88 | 4.87 | 0   | 24  | -5.0 |
| 002151 | 82 | 33 | 49.76 | 8    | 0.68 | 9.53 | 0   | 64  | -1.5 |
| 002686 | 44 | 58 | 17.26 | 3    | 0.17 | 16.7 | 0   | 32  | -7.8 |
+--------+----+----+-------+------+------+------+-----+-----+------+
+--------+----+----+-------+------+------+------+-----+-----+------+
| code   | L% | P% | price | Avg% | TOR  | LB   | IF% | NMC | CH   |
+--------+----+----+-------+------+------+------+-----+-----+------+
| 002416 | 31 | 34 | 13.59 | -18  | 0.02 | 2.74 | 0   | 131 | -0.6 |
| 002686 | 44 | 58 | 17.26 | 3    | 0.17 | 16.7 | 0   | 32  | -7.8 |
+--------+----+----+-------+------+------+------+-----+-----+------+
+--------+----+----+-------+-------+-------+--------+------+--------+------+------+-----+-----+------+
| code   | L% | P% | L     | price | H     | sale   | Avg% | P%_now | TOR  | LB   | IF% | NMC | CH   |
+--------+----+----+-------+-------+-------+--------+------+--------+------+------+-----+-----+------+
| 002416 | 38 | 29 | 10.36 | 14.38 | 22.92 | 18.65  | -13  | 5      | 3.01 | 2.17 | 0   | 138 | 5.8  |
| 600328 | 51 | 44 | 8.25  | 12.49 | 23.55 | 18.02  | 1    | 9      | 8.24 | 1.61 | 26  | 44  | 9.9  |
| 002378 | 51 | 35 | 9.38  | 14.24 | 24.24 | 19.24  | 4    | 2      | 3.73 | 1.43 | -7  | 121 | 5.7  |
| 600804 | 59 | 58 | 14.71 | 23.52 | 50.89 | 37.205 | -11  | 2      | 5.02 | 1.05 | 15  | 318 | 10.0 |
+--------+----+----+-------+-------+-------+--------+------+--------+------+------+-----+-----+------+

