2015-08-04 18:46:39
163 quantity_relative ratio:  2000
+--------+----+----+-------+------+-------+------+-----+-----+------+
| code   | L% | P% | price | Avg% | TOR   | LB   | IF% | NMC | CH   |
+--------+----+----+-------+------+-------+------+-----+-----+------+
| 600066 | 80 | 7  | 21.39 | 20   | 2.72  | 2.63 | 2   | 407 | 4.5  |
| 002526 | 76 | 43 | 11.36 | 4    | 19.8  | 3.09 | 0   | 46  | 9.7  |
| 002686 | 57 | 49 | 18.82 | 12   | 8.68  | 3.13 | 0   | 36  | 9.0  |
| 002417 | 66 | 4  | 12.5  | 20   | 14.83 | 3.92 | -17 | 26  | 1.0  |
| 600608 | 16 | 67 | 7.84  | -18  | 10.56 | 4.42 | -8  | 0   | 1.9  |
| 002712 | 32 | 15 | 58.3  | -9   | 25.6  | 7.27 | -2  | 16  | -1.0 |
+--------+----+----+-------+------+-------+------+-----+-----+------+
+--------+----+----+-------+------+-------+------+-----+-----+------+
| code   | L% | P% | price | Avg% | TOR   | LB   | IF% | NMC | CH   |
+--------+----+----+-------+------+-------+------+-----+-----+------+
| 600608 | 16 | 67 | 7.84  | -18  | 10.56 | 4.42 | -8  | 0   | 1.9  |
| 002712 | 32 | 15 | 58.3  | -9   | 25.6  | 7.27 | -2  | 16  | -1.0 |
+--------+----+----+-------+------+-------+------+-----+-----+------+
002416
002378
600328
600804
My hold: [u'002416', u'002378', u'600328', u'600804']

+--------+----+----+-------+-------+-------+--------+------+--------+------+------+-----+-----+------+
| code   | L% | P% | L     | price | H     | sale   | Avg% | P%_now | TOR  | LB   | IF% | NMC | CH   |
+--------+----+----+-------+-------+-------+--------+------+--------+------+------+-----+-----+------+
| 002416 | 38 | 29 | 10.36 | 14.38 | 22.92 | 18.65  | -13  | 5      | 3.01 | 2.17 | 0   | 138 | 5.8  |
| 600328 | 51 | 44 | 8.25  | 12.49 | 23.55 | 18.02  | 1    | 9      | 8.24 | 1.61 | 26  | 44  | 9.9  |
| 002378 | 51 | 35 | 9.38  | 14.24 | 24.24 | 19.24  | 4    | 2      | 3.73 | 1.43 | -7  | 121 | 5.7  |
| 600804 | 59 | 58 | 14.71 | 23.52 | 50.89 | 37.205 | -11  | 2      | 5.02 | 1.05 | 15  | 318 | 10.0 |
+--------+----+----+-------+-------+-------+--------+------+--------+------+------+-----+-----+------+

